SR                     obs     bkg     bkg_err  S95_obs  S95_exp  
A01_2j_0b_600_600      11281  12320  460      496      810      
A02_4j_0b_850_1700     74     65.8   8.3      29.9     23.7     
A03_6j_0b_600_600      505    489    23       74       62       
A04_8j_0-1b_600_600    63     54.3   7        28.1     21.0     
A05_10j_0-1b_850_1700  153    141    15       46       38       
A06_4j_2b_300_300      10216  10090  350      784      702      
A07_2j_2b_600_600      287    336    32       40       61       
A08_6j_2b_350_350      1637   1720   59       91       136      
A09_4j_2b_600_600      224    230    20       43       46       
A10_8j_3b_300_300      168    176    17       35       40       
A11_6j_1b_600_600      282    304    23       40       53       
A12_10j_3b_850_850     0      0.1    2.4      3.0      3.0      
B001_2-3j_0b_300_300   130718  129800  3000     6335     5738     
B002_2-3j_0b_300_600   7820    8060    300      439      569      
B003_2-3j_0b_300_1200  514     552     50       76       98       
B004_2-3j_0b_350_350   100828  104900  2350     2471     4363     
B005_2-3j_0b_350_600   19319   20100   460      520      895      
B006_2-3j_0b_350_1200  933     997     51       75       112      
B007_2-3j_0b_600_600   6786    7520    370      394      636      
B008_2-3j_0b_600_1200  277     293     21       44       51       
B009_2-3j_0b_850_850   933     1205    102      118      158      
B010_2-3j_0b_850_1700  50      50.7    8.4      20.9     20.9     
B011_2-3j_1b_300_300   15272   15800   1500     2348     2544     
B012_2-3j_1b_300_600   1177    1150    125      255      233      
B013_2-3j_1b_300_1200  71      84      20       27       33       
B014_2-3j_1b_350_350   11121   11900   1300     1754     2108     
B015_2-3j_1b_350_600   2530    2590    270      434      473      
B016_2-3j_1b_350_1200  127     132     18       36       39       
B017_2-3j_1b_600_600   728     880     110      114      167      
B018_2-3j_1b_600_1200  31      32.3    6        15.4     16.3     
B019_2-3j_1b_850_850   112     133     23       31       40       
B020_2-3j_1b_850_1700  5       6       3.7      7        8        
B021_2-3j_2b_300_300   1787    1710    300      552      517      
B022_2-3j_2b_300_600   148     186     34       38       53       
B023_2-3j_2b_300_1200  11      10.2    5        11.7     10.9     
B024_2-3j_2b_350_350   1159    1190    250      379      389      
B025_2-3j_2b_350_600   322     373     65       80       101      
B026_2-3j_2b_350_1200  13      17.5    6        9.5      11.6     
B027_2-3j_2b_600_600   50      89      23       16       28       
B028_2-3j_2b_600_1200  4       3.4     3        7.4      6.9      
B029_2-3j_2b_850_850   9       12.6    6        8.5      10.2     
B030_2-3j_2b_850_1700  0       0.7     3.7      3.0      3.0      
B031_4-5j_0b_300_300   23241  23280  830      1534     1549     
B032_4-5j_0b_300_600   7277   7440   390      621      725      
B033_4-5j_0b_300_1200  726    760    160      234      247      
B034_4-5j_0b_350_350   16720  16820  510      974      1011     
B035_4-5j_0b_350_600   13837  13870  400      778      798      
B036_4-5j_0b_350_1200  1141   1148   85       167      169      
B037_4-5j_0b_600_600   2028   2025   99       208      206      
B038_4-5j_0b_600_1200  291    299    19       45       50       
B039_4-5j_0b_850_850   360    393    35       53       71       
B040_4-5j_0b_850_1700  51     44.6   7        24.5     19.6     
B041_4-5j_1b_300_300   7157   7290   500      843      922      
B042_4-5j_1b_300_600   2387   2500   290      432      485      
B043_4-5j_1b_300_1200  229    255    88       108      117      
B044_4-5j_1b_350_350   4317   4460   370      566      650      
B045_4-5j_1b_350_600   3822   3780   310      617      581      
B046_4-5j_1b_350_1200  350    305    50       128      101      
B047_4-5j_1b_600_600   388    441    55       70       95       
B048_4-5j_1b_600_1200  74     72.5   9.8      25.9     25.2     
B049_4-5j_1b_850_850   73     82     14       24       29       
B050_4-5j_1b_850_1700  14     9.4    3        13.8     10.1     
B051_4-5j_2b_300_300   2505   2340   130      383      266      
B052_4-5j_2b_300_600   864    902    90       143      168      
B053_4-5j_2b_300_1200  72     70     27       43       43       
B054_4-5j_2b_350_350   1208   1218   77       152      161      
B055_4-5j_2b_350_600   1180   1141   66       169      142      
B056_4-5j_2b_350_1200  78     85     16       27       31       
B057_4-5j_2b_600_600   98     93.1   12.6     34.0     31.0     
B058_4-5j_2b_600_1200  15     17.4   5.5      10.7     12.4     
B059_4-5j_2b_850_850   15     13.3   3.6      12.1     10.8     
B060_4-5j_2b_850_1700  1      1.5    2.6      4.0      4.2      
B061_4-5j_3b_300_300   222    192    21       72       50       
B062_4-5j_3b_300_600   92     99     16.4     30       33       
B063_4-5j_3b_300_1200  5      10.6   6.5      7.3      8.3      
B064_4-5j_3b_350_350   111    107    16.3     38       35       
B065_4-5j_3b_350_600   138    125    16.3     48       40       
B066_4-5j_3b_350_1200  5      9.3    4.4      5.8      8.1      
B067_4-5j_3b_600_600   5      6.3    3.4      6.9      7.6      
B068_4-5j_3b_600_1200  0      0.9    2.6      3.0      3.0      
B069_4-5j_3b_850_850   1      1.2    3.2      4.1      4.2      
B070_4-5j_3b_850_1700  0      0.2    2.3      2.8      3.0      
B071_6-7j_0b_300_300   1480  1590  140      191      251      
B072_6-7j_0b_300_600   1993  2110  205      291      352      
B073_6-7j_0b_300_1200  362   410   115      140      157      
B074_6-7j_0b_350_350   847   901   54       82       113      
B075_6-7j_0b_350_600   2842  2890  150      266      297      
B076_6-7j_0b_350_1200  553   547   58       120      114      
B077_6-7j_0b_600_600   245   259   19       38       47       
B078_6-7j_0b_600_1200  122   105   9.4      42       29       
B079_6-7j_0b_850_850   55    53.8  6.7      20.5     20.7     
B080_6-7j_0b_850_1700  20    17    3.7      14       12       
B081_6-7j_1b_300_300   946   965   63       120      130      
B082_6-7j_1b_300_600   1282  1355  100      148      189      
B083_6-7j_1b_300_1200  197   201   40       68       69       
B084_6-7j_1b_350_350   425   429   36       75       76       
B085_6-7j_1b_350_600   1521  1614  104      147      199      
B086_6-7j_1b_350_1200  269   268   26       58       58       
B087_6-7j_1b_600_600   90    95    12.5     26       30       
B088_6-7j_1b_600_1200  49    50.9  6.7      18.2     19.2     
B089_6-7j_1b_850_850   17    19.4  3.9      10.6     11.7     
B090_6-7j_1b_850_1700  7     5.9   2.4      8.6      7.6      
B091_6-7j_2b_300_300   450   450   24       63       63       
B092_6-7j_2b_300_600   797   803   38       87       91       
B093_6-7j_2b_300_1200  84    76    13.6     37       31       
B094_6-7j_2b_350_350   188   165   15       56       39       
B095_6-7j_2b_350_600   762   809   38       63       89       
B096_6-7j_2b_350_1200  106   96.9  10.2     35.3     28.6     
B097_6-7j_2b_600_600   32    35.2  5.4      13.8     15.6     
B098_6-7j_2b_600_1200  14    14.5  3.5      10.2     10.6     
B099_6-7j_2b_850_850   9     4.8   1.9      11.5     7.8      
B100_6-7j_2b_850_1700  1     1.7   1.2      3.7      4.4      
B101_6-7j_3b_300_300   86    78    9.4      32       26       
B102_6-7j_3b_300_600   167   154   12.5     45       35       
B103_6-7j_3b_300_1200  16    21.1  4.7      9.2      12.1     
B104_6-7j_3b_350_350   28    27.2  6        16.1     15.4     
B105_6-7j_3b_350_600   115   158   14       19       32       
B106_6-7j_3b_350_1200  23    20.2  4.8      15.6     13.9     
B107_6-7j_3b_600_600   6     6.3   2.7      7.5      7.5      
B108_6-7j_3b_600_1200  2     3     2        5        5        
B109_6-7j_3b_850_850   1     0.5   1.2      4.2      4.0      
B110_6-7j_3b_850_1700  1     0.2   1.9      4.7      4.4      
B111_8-9j_0b_300_600   245  258    43       69       75       
B112_8-9j_0b_300_1200  88   113    38       41       48       
B113_8-9j_0b_350_600   280  289    28       56       60       
B114_8-9j_0b_350_1200  104  129    21       26       38       
B115_8-9j_0b_600_600   28   20.9   3.8      19.1     13.4     
B116_8-9j_0b_600_1200  22   19.7   3.4      13.9     11.8     
B117_8-9j_0b_850_850   2    5.3    2        3.8      6.0      
B118_8-9j_0b_850_1700  1    3.7    1.8      3.3      5.1      
B119_8-9j_1b_300_600   229  247    25       42       53       
B120_8-9j_1b_300_1200  68   82     17       24       30       
B121_8-9j_1b_350_600   224  262    26       34       53       
B122_8-9j_1b_350_1200  90   107.8  12.6     19.8     29.1     
B123_8-9j_1b_600_600   7    12.2   3.3      5.8      8.8      
B124_8-9j_1b_600_1200  15   16.7   3.9      10.2     11.2     
B125_8-9j_1b_850_850   2    2.1    1.6      4.8      5.0      
B126_8-9j_1b_850_1700  2    2.4    1.6      4.6      5.0      
B127_8-9j_2b_300_600   193  190    14       40       38       
B128_8-9j_2b_300_1200  53   44.6   8        28.3     22.2     
B129_8-9j_2b_350_600   158  174    14       27       36       
B130_8-9j_2b_350_1200  74   58     7.5      35       23       
B131_8-9j_2b_600_600   7    6.2    2.7      8.5      7.9      
B132_8-9j_2b_600_1200  9    10.4   3.1      8.1      8.9      
B133_8-9j_2b_850_850   0    1.7    1.6      2.9      3.6      
B134_8-9j_2b_850_1700  2    2.9    3.4      5.0      5.4      
B135_8-9j_3b_300_600   57   54.3   6.9      22.1     20.6     
B136_8-9j_3b_300_1200  17   22.2   4.8      9.4      12.4     
B137_8-9j_3b_350_600   36   53.2   7.4      10.8     18.2     
B138_8-9j_3b_350_1200  23   19.2   3.8      15.6     12.5     
B139_8-9j_3b_600_600   2    0.9    1.8      5.6      5.4      
B140_8-9j_3b_600_1200  2    3.6    2.3      4.6      5.4      
B141_8-9j_3b_850_850   0    1.1    2        2.9      3.2      
B142_8-9j_3b_850_1700  0    0.2    1.8      3.0      3.1      
B143_10j_0b_300_600    17     16.4   6.3      14.1     13.7     
B144_10j_0b_300_1200   20     20.8   8.8      15.4     16.0     
B145_10j_0b_350_600    12     13.6   3.8      9.3      10.2     
B146_10j_0b_350_1200   21     23.2   5.5      12.4     13.6     
B147_10j_0b_600_600    2      0.63   0.95     5.6      4.88     
B148_10j_0b_600_1200   6      3.6    2        8.8      7.1      
B149_10j_0b_850_850    0      0.1    2.4      3.0      3.1      
B150_10j_0b_850_1700   2      0.4    1.3      6.0      5.6      
B151_10j_1b_300_600    22     20.4   4.5      14.1     13.2     
B152_10j_1b_300_1200   18     19.2   5.7      12.7     13.3     
B153_10j_1b_350_600    9      17.1   3.8      6.0      10.1     
B154_10j_1b_350_1200   32     21.5   4.4      23.0     15.0     
B155_10j_1b_600_600    0      0.2    3.6      3.1      3.0      
B156_10j_1b_600_1200   3      2      1.5      6        5        
B157_10j_1b_850_850    0      0.1    3.2      3.0      3.2      
B158_10j_1b_850_1700   1      0.9    1.6      4.0      3.9      
B159_10j_2b_300_600    15     15.5   3.6      10.8     11.0     
B160_10j_2b_300_1200   11     14.4   3.8      8.0      10.0     
B161_10j_2b_350_600    11     19.5   3.5      6.2      10.9     
B162_10j_2b_350_1200   12     15.7   3.4      7.9      10.3     
B163_10j_2b_600_600    0      1.7    2.2      2.9      3.3      
B164_10j_2b_600_1200   0      1.2    1.2      3.0      3.3      
B165_10j_2b_850_850    0      0.1    2.4      2.9      3.0      
B166_10j_2b_850_1700   0      0.1    1.5      3.0      3.0      
B167_10j_3b_300_600    13     7.2    2.4      14.2     9.4      
B168_10j_3b_300_1200   5      5.6    2.4      6.8      6.8      
B169_10j_3b_350_600    3      2.2    1.7      6.3      5.6      
B170_10j_3b_350_1200   9      5.7    2.3      10.7     8.2      
B171_10j_3b_600_600    0      0.1    3        3.2      3.0      
B172_10j_3b_600_1200   1      0.2    1.4      4.4      4.4      
B173_10j_3b_850_850    0      0.1    2        3.1      2.9      
B174_10j_3b_850_1700   0      0.1    1.3      3.0      3.1    
