SR               obs  bkg   bkg_err  S95_obs  S95_exp  
E-inc-01         0    1     1        3        3        
E-inc-02         46   44    6.8      21       19       
E-inc-03         90   77    12       39       30       
E-inc-05         151  138   18       51       42       
E-inc-10         244  200   19       83       49       
E-inc-20         383  301   23       130      63       
E-inc-30         453  366   27       142      70       
E-inc-40         492  420   30       131      74       
E-inc-60         583  520   35       130      83       
VBF-inc-02       0    2.8   1.6      3.0      4.5      
VBF-inc-03       1    3.1   1.7      3.4      4.8      
VBF-inc-05       2    3.3   1.7      4.5      5.4      
VBF-inc-10       9    8.4   2.7      9.2      8.5      
VBF-inc-20       36   32    5        19       16       
VBF-inc-30       58   52    7        25       20       
VBF-inc-40       82   74    10       33       26       
VBF-high-inc-02  0    2.4   1.1      3.0      4.2      
VBF-high-inc-03  1    3     1.4      3        5        
VBF-high-inc-05  2    3     1.4      4        5        
VBF-high-inc-10  3    3.8   1.7      5.2      5.7      
VBF-high-inc-20  9    11.7  2.8      7.3      8.9      
VBF-high-inc-30  17   20    5        11       12       
VBF-high-inc-40  26   28    6        14       16       
S-inc-00         24   27    4.8      12       14       
S-inc-01         41   46    6.5      15       18       
S-inc-02         91   82    10       34       28       
S-inc-05         158  158   17       41       41       
S-inc-10         243  242   21       51       51       
S-inc-20         328  312   24       69       59       
S-inc-30         419  388   28       91       69       
S-inc-40         472  443   31       96       73       
E-high-ee-05     1    0.7   0.4      3.8      3.3      
E-high-ee-10     16   10.3  2.5      14.8     9.9      
E-high-ee-20     13   12.1  2.2      9.9      9.3      
E-high-ee-30     8    10.1  1.7      6.7      8.1      
E-high-ee-40     8    10.4  1.7      6.3      8.1      
E-high-ee-60     18   19.3  2.5      10.0     11.2     
E-high-mm-02     5    3.4   1.2      7.3      6.0      
E-high-mm-03     5    3.5   1.3      7.4      6.1      
E-high-mm-05     0    3.9   1.3      2.9      5.1      
E-high-mm-10     9    11    2        7        8        
E-high-mm-20     23   17.8  2.7      15.7     11.2     
E-high-mm-30     3    8.3   1.4      4.1      6.9      
E-high-mm-40     5    10.1  1.5      4.6      7.9      
E-high-mm-60     20   19.6  2.3      11.3     11.2     
E-med-ee-05      0    0.11  0.08     2.94     2.89     
E-med-ee-10      4    5.1   1.6      5.5      6.3      
E-med-ee-20      11   7.3   1.9      11.4     8.3      
E-med-ee-30      4    2.2   0.9      6.9      5.2      
E-med-mm-02      16   14.6  2.9      11.6     10.3     
E-med-mm-03      8    6.9   2.1      8.6      7.9      
E-med-mm-05      6    6.2   1.9      6.9      7.2      
E-med-mm-10      41   34    4        21       15       
E-med-mm-20      59   52    6        25       20       
E-med-mm-30      21   18.5  3.2      13.4     11.9     
E-low-ee-05      7    5.3   1.5      8.3      7.0      
E-low-ee-10      11   8.6   1.8      10.0     8.2      
E-low-ee-20      16   16.7  2.5      10.1     10.5     
E-low-ee-30      16   15.5  2.6      10.4     10.5     
E-low-ee-40      10   12.9  2.1      6.9      9.0      
E-low-ee-60      9    18.8  2.2      5.0      10.2     
E-low-mm-02      9    15.4  2.4      5.7      9.5      
E-low-mm-03      7    8     1.7      7        7        
E-low-mm-05      7    6.5   1.6      7.6      7.6      
E-low-mm-10      12   11.1  1.9      9.4      8.7      
E-low-mm-20      17   15.6  2.3      11.4     10.0     
E-low-mm-30      18   16.7  2.3      11.4     10.5     
E-low-mm-40      16   15.3  2        10.5     9.6      
E-low-mm-60      44   35.9  3.3      22.1     15.0     
SR-1L1T-1.0      0    0.5   0.5      3.0      2.9      
SR-1L1T-1.5      8    6     1.9      9        8        
SR-1L1T-2.0      8    7.6   2.1      8.4      7.8      
SR-1L1T-3.0      24   20.7  3.4      14.6     12.2     
SR-1L1T-4.0      24   24    4        13       13       
SR-1L1T-5.0      16   18.1  3.1      9.6      10.9     
VBF-low-02       0    0.7   0.4      3.1      3.0      
VBF-low-03       0    0.47  0.25     3.0      2.92     
VBF-low-05       0    0.64  0.32     3.05     2.95     
VBF-low-10       6    4.9   1.2      7.4      6.3      
VBF-low-20       21   17.3  2.6      13.8     11.1     
VBF-low-30       14   12.5  1.8      10.3     9.1      
VBF-low-40       15   15.2  2.7      10.3     10.0     
VBF-high-02      0    1.6   0.7      3.0      4.0      
VBF-high-03      1    0.8   0.6      3.7      3.5      
VBF-high-05      1    0.25  0.13     3.77     3.17     
VBF-high-10      1    0.9   0.5      3.4      3.4      
VBF-high-20      6    7.1   1.5      6.3      7.0      
VBF-high-30      8    8.5   2.2      7.9      8.1      
VBF-high-40      9    7.7   1.5      8.6      7.6      
S-high-ee-00     3    4     1.1      5        6        
S-high-ee-01     3    3.6   1        5.1      5.6      
S-high-ee-02     9    7.9   1.9      8.6      7.9      
S-high-ee-05     13   13.2  2.1      9.1      9.1      
S-high-ee-10     9    8.6   1.4      8.0      7.7      
S-high-ee-20     6    5.7   1        6.9      6.5      
S-high-ee-30     8    7     1.2      8        7        
S-high-ee-40     6    6.8   1.1      6.3      6.9      
S-high-mm-00     10   11    2.2      8        9        
S-high-mm-01     3    5.8   1.3      4.2      6.4      
S-high-mm-02     11   8.6   1.6      10.2     7.9      
S-high-mm-05     12   14.2  1.9      8.0      9.6      
S-high-mm-10     9    10    1.5      7        8        
S-high-mm-20     11   11.2  1.6      8.4      8.3      
S-high-mm-30     10   11.5  1.5      7.7      8.1      
S-high-mm-40     8    7.8   1.4      7.5      7.4      
S-low-ee-00      8    6     1.4      9        7        
S-low-ee-01      5    5.3   2.1      6.7      6.8      
S-low-ee-02      15   11.6  2.5      12.4     9.9      
S-low-ee-05      19   22.9  3.3      9.4      12.2     
S-low-ee-10      30   31    4        13       14       
S-low-ee-20      24   23.3  3        12.4     12.1     
S-low-ee-30      32   27.1  3.1      17.3     13.2     
S-low-ee-40      11   16.8  2.1      6.4      9.7      
S-low-mm-00      3    5.2   1.1      4.5      6.0      
S-low-mm-01      6    4.3   1        7.8      6.2      
S-low-mm-02      15   12.8  1.8      11.2     9.3      
S-low-mm-05      23   24.8  2.6      11.0     12.3     
S-low-mm-10      37   38    5        15       17       
S-low-mm-20      44   37.8  3.3      20.4     14.8     
S-low-mm-30      41   36    3.4      19       15       
S-low-mm-40      28   28    2.7      13       13       
