SR           obs     bkg     bkg_err  S95_obs  S95_exp  
2j     327865  328000  43000    72539    72381    
3j     280822  281000  37000    62140    64035    
4j     137725  138000  18000    30681    30391    
5j     48041   48000   6300     10743    10662    
6j     13915   13500   1800     3440     3140     
7j     3245    3245    430      739      739      
8j     669     669     110      197      197      
9j     142     142     24       48       48       
10j    32      33      4.4      14       15       
11j    3       7.7     6.2      5.2      6.7      
12j    1       0.3     3.5      4.5      4.4      
13j    0       0.4     0.9      3.0      3.1      
14j    0       0.3     0.6      3.0      2.8      
1b1j   36353   35000   6000     10791    10243    
1b2j   51112   51100   6700     11371    11446    
1b3j   34169   34169   4500     7616     7616     
1b4j   15271   15750   2000     3045     3292     
1b5j   5327    5327    890      1460     1460     
1b6j   1450    1500    250      382      405      
1b7j   349     338     95       155      150      
1b8j   81      81      20       37       37       
1b9j   17      16.8    5.4      13.1     13.1     
1b10j  2       3       2.6      5        5        
1b11j  0       0.1     2        3.0      3.0      
2b     1281    1281    125      237      237      
2b1j   4706    4706    620      1068     1068     
2b2j   5007    5164    680      1054     1124     
2b3j   3146    3146    530      877      877      
2b4j   1363    1363    330      513      513      
2b5j   475     475     134      206      206      
2b6j   134     134     43       68       68       
2b7j   42      42.5    15.4     26.1     26.4     
2b8j   11      10.9    3.5      10.2     9.8      
2b9j   1       0.8     0.8      3.8      3.8      
3b     147     147     26       50       50       
3b1j   349     360     47       81       89       
3b2j   328     328     80       129      129      
3b3j   226     226     64       101      101      
3b4j   101     104     30       47       49       
3b5j   35      35      16       25       25       
3b6j   9       9       4        10       10       
3b7j   3       1.7     0.9      6.0      4.9      
3b8j   0       0.3     0.2      3.0      2.9      
3b9j   0       0.1     0.15     2.9      2.8      
4b     20      19.6    4        12.7     12.6     
4b1j   24      24.3    5.9      14.4     14.8     
4b2j   21      22.2    6.2      13.8     14.5     
4b3j   9       8.7     5        10.2     10.4     
4b4j   3       6       5.5      6        6        
4b5j   2       0.8     0.4      4.8      3.6      
4b6j   0       0.22    0.3      3.05     2.94     
5b     3       8.7     20       20.8     20.6     
5b1j   1       8       15       16       15       
5b2j   0       1.6     3.1      2.9      3.2      
5b3j   0       0.7     7        3.0      7.2      
5b4j   0       0.3     0.5      3.0      3.0      
6b     0       0.4     0.8      3.0      3.1      
6b1j   0       1       3        3        3        
6b2j   1       0.1     0.1      4.0      3.0      
6b3j   0       0.1     0.2      3.0      2.9      
7b     0       0.1     0.6      3.1      3.0      
8b1j   1       0.1     1        4.5      4.6      
1g1j    106003  106000  28000    41917    42323    
1g2j    45523   47000   14000    19362    19817    
1g3j    13384   13384   5000     6872     6872     
1g4j    3027    3110    1200     1555     1589     
1g5j    646     646     250      344      344      
1g6j    130     134     56       76       77       
1g7j    19      19      10       17       17       
1g8j    7       7       3        8        8        
1g9j    0       0.9     0.8      3.0      3.3      
1g10j   2       0.1     1        6.4      6.1      
1g1b    5583    5750    1700     2357     2399     
1g1b1j  5266    5266    2000     2732     2732     
1g1b2j  2468    2468    930      1279     1279     
1g1b3j  792     815     310      408      420      
1g1b4j  195     196     82       113      114      
1g1b5j  54      54      25       37       37       
1g1b6j  9       9.2     3.8      9.2      9.3      
1g1b7j  3       1.6     0.9      6.2      4.8      
1g1b8j  0       0.3     0.2      3.0      2.9      
1g2b    330     340     130      173      178      
1g2b1j  286     294     110      150      151      
1g2b2j  155     160     60       83       84       
1g2b3j  50      51      15       27       27       
1g2b4j  14      14.2    4.8      11.5     11.8     
1g2b5j  3       3.3     1.3      5.3      5.5      
1g2b6j  0       0.8     0.5      2.9      3.0      
1g2b7j  0       0.15    0.15     2.97     2.84     
1g3b    12      12      5.5      12       12       
1g3b1j  12      12      4.5      11       11       
1g3b2j  4       4.2     1.4      5.8      6.0      
1g3b3j  3       1.6     0.7      5.9      4.7      
1g3b4j  0       0.65    0.3      2.91     2.96     
1g4b    1       0.35    0.22     3.64     3.02     
1g4b1j  1       0.3     0.2      3.8      3.0      
1g4b2j  0       0.16    0.15     2.98     2.85     
2g      2541    2860    750      886      1015     
2g1j    971     1030    270      367      390      
2g2j    393     361     95       176      161      
2g3j    94      92      27       47       46       
2g4j    17      21      5.4      10       13       
2g5j    5       3.8     1.3      7.3      6.3      
2g6j    2       1.3     0.7      4.7      4.2      
2g7j    0       0.33    0.2      2.96     2.9      
2g1b    63      47      12       38       29       
2g1b1j  31      39      10       15       19       
2g1b2j  13      15.5    4.6      9.7      11.2     
2g1b3j  3       5       1.7      5        6        
2g1b4j  3       1.2     0.3      6.2      3.9      
2g1b5j  0       0.33    0.2      2.94     2.86     
2g2b    5       3       0.9      8        6        
2g2b1j  2       2.1     0.54     4.5      4.6      
2g2b2j  1       1.1     0.3      3.6      3.8      
2g2b3j  0       0.34    0.1      2.93     2.9      
3g      1       0.1     1        4.6      4.3      
3g1j    0       0.15    0.1      2.97     2.91     
1e5j    954   953   270      406      405      
1e6j    167   155   60       98       92       
1e7j    32    31.5  18       26.4     26.1     
1e8j    6     4.5   2.4      8.5      7.4      
1e9j    2     0.5   0.4      5.2      3.7      
1e1b4j  1160  1190  230      355      368      
1e1b5j  225   208   28       72       59       
1e1b6j  38    43    6        14       17       
1e1b7j  11    6.9   4        13.6     11.2     
131b8j  3     1.3   0.4      6.1      3.9      
1e1b9j  0     0.16  0.13     2.9      2.88     
1e2b    710   692   92       179      172      
1e2b1j  7512  6622  1500     3049     2631     
1e2b2j  3017  2662  500      1098     918      
1e2b3j  873   770   100      272      201      
1e2b4j  223   182   35       99       74       
1e2b5j  41    40    7        20       19       
1e2b6j  14    7.6   1.7      14.5     8.3      
1e2b7j  1     1.5   0.7      3.8      4.0      
1e2b8j  1     0.17  0.17     3.9      2.98     
1e3b    426   340   45       162      102      
1e3b1j  338   256   41       150      95       
1e3b2j  158   108   18       84       48       
1e3b3j  46    35.5  8        28.6     21.2     
1e3b4j  9     9     2.6      9        9        
1e3b5j  2     2.2   0.7      4.5      4.7      
1e3b6j  1     0.5   0.4      3.7      3.3      
1e4b    13    8     3        14       10       
1e4b1j  13    7.4   2.4      14.0     9.8      
1e4b2j  3     3.7   2.3      5.8      5.8      
1e4b3j  3     1.4   0.7      6.2      4.5      
1e4b4j  0     0.4   0.3      3.0      2.9      
1e4b5j  0     0.1   0.05     2.9      2.9      
1e5b    0     0.2   0.8      2.9      2.9      
1e5b1j  1     0.3   0.12     3.9      3.1      
1e5b2j  0     0.14  0.12     2.98     2.88     
1m1j    40743  39600  8500     14187    13771    
1m2j    14307  14300  4000     5920     5924     
1m3j    23606  21100  7500     12514    11685    
1m4j    4391   3930   1250     2195     2009     
1m5j    794    711    220      394      362      
1m6j    170    122    34       100      74       
1m7j    25     21     8        20       18       
1m8j    4      3.7    1.6      6.5      6.0      
1m9j    1      0.6    0.4      3.4      3.3      
1m1b    3798   3400   730      1475     1293     
1m1b1j  3605   3500   500      922      868      
1m1b2j  15224  13250  2000     4950     3849     
1m1b3j  4285   3840   450      1147     855      
1m1b4j  1051   940    140      331      266      
1m1b5j  218    207    44       87       79       
1m1b6j  43     43     14       26       26       
1m1b7j  6      7.6    6        8.3      8.7      
1m1b8j  2      1.4    2.6      5.5      5.4      
1m1b9j  0      0.24   0.15     2.94     2.91     
1m2b    584    617    72       112      127      
1m2b1j  7653   6850   1010     2337     1898     
1m2b2j  3173   2700   500      1202     958      
1m2b3j  944    800    120      332      240      
1m2b4j  207    196    36       77       68       
1m2b5j  40     46.8   11.6     18.4     22.8     
1m2b6j  8      8.5    4        8.7      9.2      
1m2b7j  1      1.5    0.6      3.5      4.1      
1m2b8j  0      0.27   0.08     2.95     2.95     
1m3b    496    380    56       206      128      
1m3b1j  422    295    44       198      111      
1m3b2j  175    125    23       90       57       
1m3b3j  41     41     10       22       22       
1m3b4j  15     10.8   2.3      12.9     9.4      
1m3b5j  4      2.4    1.9      7.4      6.5      
1m3b6j  0      0.5    0.3      3.0      3.0      
1m3b7j  0      0.21   0.18     2.97     2.85     
1m4b    21     9.6    4.5      22.3     15.3     
1m4b1j  8      8.6    2.4      7.8      8.2      
1m4b2j  10     5      2.1      12       9        
1m4b3j  2      1.7    0.9      4.8      4.6      
1m4b4j  0      0.5    0.3      3.0      2.9      
1m4b5j  0      0.16   0.18     2.96     2.81     
1m5b    1      0.25   0.08     3.76     3.04     
1m5b1j  1      0.36   0.14     3.59     3.03     
1m5b2j  0      0.15   0.07     2.93     2.94     
1m1e         641     602     54       140      113      
1m1e1j       420     377     43       122      91       
1m1e2j       165     133     21       70       49       
1m1e3j       136     108     20       64       46       
1m1e4j       25      21      6        18       16       
1m1e5j       3       3.6     0.9      4.9      5.3      
1m1e6j       0       0.65    0.65     3.13     3.02     
1m1e7j       1       0.1     0.1      4.0      2.9      
1m1e1b       495     475     42       105      89       
1m1e1b1j     304     285     32       81       70       
1m1e1b2j     420     346     39       142      89       
1m1e1b3j     83      70      15       42       35       
1m1e1b4j     11      14.2    3.4      7.8      10.0     
1m1e1b5j     3       2.6     0.4      5.1      4.8      
1m1e1b6j     0       0.4     0.8      3.0      3.1      
1m1e1b7j     1       0.1     0.1      4.0      3.1      
1m1e2b       167     160     26       57       54       
1m1e2b1j     338     291     33       107      75       
1m1e2b2j     85      71      10       37       27       
1m1e2b3j     23      16.4    2.7      16.8     11.5     
1m1e2b4j     2       3.0     0.7      4.1      4.9      
1m1e2b5j     1       0.58    0.12     3.75     2.98     
1m1e2b6j     0       0.12    0.04     2.97     2.92     
1m1e3b       20      14.9    6.1      18.1     15.3     
1m1e3b1j     7       6.9     1.8      7.3      7.2      
1m1e3b2j     7       2.6     0.7      10.2     5.3      
1m1e3b3j     1       0.6     0.6      3.8      3.5      
1m1e3b4j     0       0.15    0.15     2.98     2.84     
1m1e4b       1       0.52    0.35     3.75     3.16     
1m1e4b1j     1       0.33    0.1      3.83     3.0      
1m1e4b2j     2       0.1     0.04     5.5      3.1      
2e           371060  408000  71000    89794    105216   
2e1j         26950   27000   6800     10258    10360    
2e2j         5623    5275    1800     2820     2692     
2e3j         1032    970     320      511      490      
2e4j         178     172     65       99       97       
2e5j         38      33      12       27       24       
2e6j         2       6.0     3.1      4.1      6.2      
2e7j         1       1.0     0.5      3.4      3.4      
2e8j         0       0.2     0.16     3.0      2.9      
2e1b         3831    3480    600      1271     1074     
2e1b1j       1565    1333    280      641      529      
2e1b2j       371     327     70       157      131      
2e1b3j       75      77      19       34       35       
2e1b4j       22      15.7    3.9      17.4     12.7     
2e1b5j       2       3.3     1.1      4.1      5.4      
2e1b6j       1       0.7     0.7      3.8      3.6      
2e1b7j       1       0.13    0.08     3.96     3.0      
2e2b         562     495     86       202      165      
2e2b1j       190     178     24       61       51       
2e2b2j       53      44      6        26       19       
2e2b3j       11      10      1.7      9        8        
2e2b4j       1       2.2     0.6      3.5      4.5      
2e2b5j       1       0.5     0.2      3.8      3.1      
2e3b         7       8.8     2.2      6.8      8.0      
2e3b1j       8       4.2     1.6      10.4     7.1      
2e3b2j       2       1.2     0.26     4.6      4.0      
2e3b3j       1       0.38    0.34     3.67     3.22     
2e3b4j       1       0.1     0.28     4.1      3.6      
2e4b         0       0.22    0.06     2.94     2.96     
2e4b1j       0       0.13    0.04     2.95     2.94     
2m           639080  703000  96000    119778   146184   
2m1j         35938   37100   6400     9481     10160    
2m2j         7499    7500    1900     2873     2899     
2m3j         1422    1330    450      721      686      
2m4j         237     245     82       116      116      
2m5j         44      41      15       29       27       
2m6j         4       8.3     3.5      5.1      7.6      
2m7j         2       2       1.3      5        5        
2m8j         1       0.24    0.15     3.79     3.12     
2m1b         5275    4640    470      1355     939      
2m1b1j       1836    1780    240      468      428      
2m1b2j       495     435     76       182      147      
2m1b3j       94      100     21       35       39       
2m1b4j       20      20.2    5.9      13.7     14.1     
2m1b5j       4       3.8     2.0      6.4      6.3      
2m1b6j       1       0.7     0.23     3.7      3.0      
2m1b7j       1       0.1     0.1      4.0      3.0      
2m2b         660     660     90       160      160      
2m2b1j       269     230     31       95       68       
2m2b2j       83      54.5    14       54.4     36.6     
2m2b3j       22      13.3    2.8      19.2     11.3     
2m2b4j       3       3.4     1.4      5.3      5.5      
2m2b5j       0       0.46    0.1      2.94     2.92     
2m2b6j       0       0.12    0.08     2.93     2.92     
2m3b         16      9.1     3.4      16.7     11.3     
2m3b1j       4       4.8     3        6.3      6.8      
2m3b2j       1       2.2     0.8      3.6      4.6      
2m3b3j       1       0.4     0.07     3.8      2.9      
2m4b         0       0.24    0.34     3.06     2.9      
2m4b1j       0       0.16    0.05     2.91     2.93     
3e           39      48      4.5      11       17       
3e1j         8       15.7    1.8      5.1      9.3      
3e2j         6       4.3     1        7.8      6.3      
3e3j         3       1.2     0.45     6.0      4.0      
3e4j         0       0.25    0.19     2.94     2.87     
3e1b         1       1.29    0.34     3.55     3.98     
3e1b1j       1       1       0.3      4        4        
3e1b2j       0       0.42    0.17     2.98     2.9      
3e1b3j       1       0.17    0.09     3.87     2.99     
3e2b         0       0.23    0.08     2.96     2.92     
3e2b1j       0       0.2     0.13     3.0      2.9      
3e2b2j       0       0.12    0.03     2.93     2.93     
1m2e         34      42.7    5.8      11.7     16.4     
1m2e1j       19      12.9    1.7      15.0     9.5      
1m2e2j       4       3.6     1.5      6.2      6.0      
1m2e3j       1       1.1     0.23     3.6      3.8      
1m2e4j       0       0.29    0.16     2.91     2.88     
1m2e1b       1       2.1     0.65     3.5      4.4      
1m2e1b1j     0       1.3     0.2      3.1      4.0      
1m2e1b2j     1       0.55    0.1      3.74     2.93     
1m2e1b3j     0       0.18    0.05     2.92     2.94     
1m2e2b       0       0.34    0.15     2.94     2.91     
1m2e2b1j     1       0.26    0.07     3.89     3.0      
1m2e2b2j     0       0.14    0.04     2.95     2.94     
1m2e2b5j     1       0.1     0.1      4.0      3.0      
2m1e         85      72      8        36       24       
2m1e1j       27      21      2.9      18       12       
2m1e2j       7       5.4     1.2      8.2      6.6      
2m1e3j       1       1.5     0.7      3.6      4.1      
2m1e4j       0       0.28    0.25     3.01     2.83     
2m1e1b       4       2.4     0.4      6.6      4.7      
2m1e1b1j     1       1.6     0.25     3.6      3.8      
2m1e1b2j     0       0.64    1        3.09     3.05     
2m1e1b3j     2       0.23    0.29     5.66     3.99     
2m1e2b       0       0.5     0.1      3.0      2.9      
2m1e2b1j     2       0.31    0.08     5.39     3.06     
2m1e2b2j     0       0.17    0.08     2.94     2.9      
3m           102     80      8        43       25       
3m1j         18      21.8    2.5      8.8      11.1     
3m2j         9       6.4     1.3      9.3      7.1      
3m3j         3       1.5     0.6      6.0      4.4      
3m4j         1       0.24    0.5      4.04     3.66     
3m5j         0       0.12    0.06     2.94     2.92     
3m1b         3       2.3     0.3      5.1      4.6      
3m1b1j       1       1.8     0.3      3.5      4.0      
3m1b2j       1       0.7     0.3      3.7      3.1      
3m1b3j       0       0.24    0.1      2.97     2.91     
3m1b4j       0       0.11    0.05     2.95     2.93     
3m2b         0       0.3     0.1      2.9      2.9      
3m2b1j       0       0.28    0.07     2.96     2.93     
3m2b2j       1       0.14    0.05     3.91     3.12     
4e           2       2.3     0.6      4.4      4.7      
4e1j         2       0.31    0.4      5.5      4.2      
4e1b         1       0.10    0.10     4.0      3.1     
1m3e         0       0.11    0.09     2.99     2.9      
2m2e         8       4.9     3.1      11.0     9.0      
2m2e1j       0       0.8     0.7      3.1      3.2      
2m2e2j       0       0.38    0.16     2.92     2.9      
2m2e1b       0       0.18    0.09     2.9      2.89     
2m2e1b1j     0       0.11    0.06     2.93     2.92     
3m1e2b       1       0.1     0.1      4.0      2.9      
4m           4       4.5     1.1      5.7      5.9      
4m1j         0       0.9     0.3      3.0      3.0      
4m2j         0       0.31    0.25     3.01     2.85     
1e1g         133     96      20       72       49       
1e1g1j       177     146     27       77       58       
1e1g2j       77      62      12       40       30       
1e1g3j       68      65      12       29       28       
1e1g4j       18      15.2    3.2      13.2     10.9     
1e1g5j       3       2.4     1        5.6      5.3      
1e1g6j       0       0.65    0.2      2.95     2.89     
1e1g7j       2       0.2     0.15     5.6      3.0      
1e1g1b       8       11.9    2        6.2      8.7      
1e1g1b1j     16      13.8    2.6      11.9     10.3     
1e1g1b2j     44      35      9        28       22       
1e1g1b3j     16      12.1    3.1      13.4     10.8     
1e1g1b4j     3       3.5     0.9      4.9      5.3      
1e1g1b5j     1       0.8     0.3      3.7      3.2      
1e1g2b       2       3       1        4        5        
1e1g2b1j     15      16.7    4.3      10.5     11.4     
1e1g2b2j     11      7.8     2.6      11.4     9.2      
1e1g2b3j     3       2.7     0.8      5.4      5.3      
1e1g2b4j     1       0.5     0.2      3.7      3.1      
1e1g2b5j     0       0.1     0.05     3.0      2.9      
1e1g3b       2       0.7     0.3      5.0      3.4      
1e1g3b1j     1       0.7     0.2      3.6      3.0      
1e1g3b2j     0       0.3     0.12     3.0      2.9      
1e1g3b3j     0       0.14    0.07     2.94     2.95     
1e2g         0       0.7     0.2      3.0      2.9      
1e2g1j       1       0.54    0.22     3.68     3.05     
1e2g2j       0       0.24    0.12     2.94     2.93     
1e2g3j       0       0.19    0.1      2.95     2.9      
1e2g1b1j     0       0.14    0.1      2.91     2.88     
1e2g1b2j     0       0.18    0.07     2.92     2.91     
1m1g         75      63      13       39       31       
1m1g1j       102     83      19       54       41       
1m1g2j       41      34.5    7        23.5     19.2     
1m1g3j       46      45      9.4      22       21       
1m1g4j       5       11.4    2.4      4.6      8.2      
1m1g5j       4       2.1     0.5      6.8      4.7      
1m1g6j       1       0.38    0.13     3.81     3.06     
1m1g1b1j     11      9       1.9      10       8        
1m1g1b       5       7.7     1.6      5.2      7.2      
1m1g1b2j     30      30      9        19       19       
1m1g1b3j     12      11      2.6      10       9        
1m1g1b4j     3       2.8     0.8      5.4      5.1      
1m1g1b5j     0       1       0.36     3        3        
1m1g2b       3       1.9     1        6.0      5.0      
1m1g2b1j     19      14.4    5.1      16.7     13.6     
1m1g2b2j     3       7.5     2.1      4.2      7.1      
1m1g2b3j     2       2.2     0.7      4.5      4.8      
1m1g2b4j     0       0.7     0.25     3.0      3.0      
1m1g2b5j     0       0.12    0.07     2.9      2.94     
1m1g3b       0       0.7     0.6      3.0      3.0      
1m1g3b1j     1       0.9     0.3      3.9      3.1      
1m1g3b2j     0       0.4     0.16     3.0      2.9      
1m2g         0       0.26    0.11     2.97     2.93     
1m2g1j       0       0.32    0.14     2.92     2.93     
1m2g3j       0       0.24    0.1      2.96     2.9      
1m2g1b2j     0       0.12    0.05     2.95     2.95     
2e1g         106     88      20       55       42       
2e1g1j       39      34.4    7.9      22.5     19.6     
2e1g2j       10      8.1     1.7      9.4      7.8      
2e1g3j       0       2.3     0.6      3.0      4.5      
2e1g4j       0       0.45    0.14     2.96     2.91     
2e1g5j       0       0.11    0.06     2.94     2.91     
2e1g1b       4       3.6     0.8      6.1      5.5      
2e1g1b1j     2       2.5     0.5      4.4      4.8      
2e1g1b2j     0       0.9     0.3      3.0      3.0      
2e1g1b3j     0       0.16    0.07     2.96     2.93     
2e1g2b       1       0.9     0.4      3.8      3.3      
2e1g2b1j     1       0.38    0.13     3.78     3.03     
2e1g3b       1       0.1     0.1      4.0      3.1      
2e2g         0       0.3     0.1      3.0      2.9      
1m1e1g       1       0.9     0.4      3.8      3.3      
1m1e1g1j     1       0.9     0.1      3.7      3.0      
1m1e1g2j     0       0.4     0.3      3.0      2.9      
1m1e1g3j     0       0.3     0.12     3.0      2.9      
1m1e1g1b     0       0.9     0.7      3.0      3.2      
1m1e1g1b1j   0       0.8     0.3      3.1      3.0      
1m1e1g1b2j   0       0.9     0.3      3.0      3.0      
1m1e1g1b3j   0       0.19    0.08     2.97     3.1      
1m1e1g1b4j   1       0.1     0.1      4.0      3.0      
1m1e1g2b     1       0.46    0.28     3.51     3.15     
1m1e1g2b1j   1       0.7     0.3      3.7      3.1      
1m1e1g2b2j   0       0.2     0.1      3.0      2.9      
2m1g         132     118     30       63       56       
2m1g1j       43      43      9        21       21       
2m1g2j       21      10.4    2.6      20.0     11.5     
2m1g3j       4       2.65    0.7      6.52     5.14     
2m1g4j       0       0.4     0.12     2.9      2.9      
2m1g1b       8       5.6     1.5      9.2      7.0      
2m1g1b1j     2       2.9     0.9      4.3      5.0      
2m1g1b2j     1       1.1     0.3      3.3      3.8      
2m1g1b3j     0       0.36    0.11     2.94     2.93     
2m1g2b       2       0.9     0.3      4.8      3.6      
2m1g2b1j     1       0.6     0.2      3.7      3.0      
2m1g2b2j     0       0.22    0.22     2.99     2.81     
2m2g         0       0.5     0.14     2.9      2.9      
2m2g2j       1       0.1     0.1      4.0      3.1      
2m1e1g1j     1       0.1     0.1      4.0      2.9      
MET1e1j      2842    2840    500      816      815      
MET1e2j      1238    1238    300      467      467      
MET1e3j      291     305     100      136      143      
MET1e4j      72      75      25       38       39       
MET1e5j      14      16.9    6        10.8     12.0     
MET1e6j      1       3       1.5      4        5        
MET1e7j      0       0.7     0.3      2.9      3.0      
MET1e8j      0       0.1     0.2      3.0      2.9      
MET1e1b      161     185     34       46       56       
MET1e1b1j    230     267     48       59       76       
MET1e1b2j    102     115     21       32       38       
MET1e1b3j    58      48      10       31       25       
MET1e1b4j    9       15      3.2      6        10       
MET1e1b5j    5       3.4     1.2      7.5      5.8      
MET1e1b6j    0       0.6     0.3      3.0      2.9      
MET1e1b7j    0       0.11    0.08     2.93     2.92     
MET1e2b      21      17.3    6.8      17.9     15.7     
MET1e2b1j    24      17.3    7.4      21.6     17.6     
MET1e2b2j    20      20      4        12       12       
MET1e2b3j    4       8       1.7      5        7        
MET1e2b4j    4       2.4     0.5      6.6      4.9      
MET1e2b5j    1       0.5     0.2      3.8      3.1      
MET1e3b      2       0.7     0.6      5.1      4.2      
MET1e3b1j    3       1.9     0.7      5.6      4.6      
MET1e3b2j    1       1.2     0.5      3.6      3.9      
MET1e3b3j    0       0.5     0.25     3.0      2.9      
MET1e3b4j    0       0.12    0.12     2.86     2.86     
MET1e4b1j    1       0.1     0.1      4.0      2.9      
MET1e1g      3       3.7     0.9      4.8      5.4      
MET1e1g1j    6       9.5     2.6      6.1      8.1      
MET1e1g2j    6       4.7     1.1      7.5      6.3      
MET1e1g3j    3       0.95    0.4      6.18     3.83     
MET1e1g4j    1       0.33    0.11     3.63     3.0      
MET1e1g1b    0       0.64    0.46     3.16     2.97     
MET1e1g1b1j  1       1.33    .7       3.89     3.94     
MET1e1g1b2j  0       0.4     0.1      2.9      2.9      
MET1e1g1b3j  0       0.13    0.19     2.92     3.1      
MET1e1g2b2j  0       0.13    0.06     2.96     2.9      
MET2e        7       7.2     1.7      7.2      7.4      
MET2e1j      15      16.5    3.4      9.9      10.7     
MET2e2j      6       7.3     1.2      6.1      7.5      
MET2e3j      2       1.9     0.9      4.8      4.6      
MET2e4j      0       0.55    0.12     2.92     2.94     
MET2e1b      6       8.9     1.4      5.6      7.5      
MET2e1b1j    7       6.1     0.9      7.5      6.5      
MET2e1b2j    1       1.8     1.0      3.5      4.3      
MET2e1b3j    2       0.7     0.6      5.2      4.2      
MET2e1b4j    0       0.2     0.2      3.0      2.8      
MET2e2b      0       0.8     0.6      3.1      3.1      
MET2e2b1j    0       0.46    0.3      3.05     2.89     
MET2e2b2j    0       0.43    0.3      3.06     2.89     
MET2e2b3j    0       0.13    0.07     2.96     2.92     
MET3e        0       0.2     0.35     3.1      2.9      
MET3e1j      0       0.3     0.1      3.0      2.9      
MET3e2j      1       0.13    0.08     3.91     3.11     
MET1m1j      3277    2840    600      1319     1096     
MET1m2j      1428    1210    290      636      527      
MET1m3j      320     290     96       167      155      
MET1m4j      89      75      27       55       49       
MET1m5j      21      16.5    5.4      17.0     14.1     
MET1m6j      6       2.8     0.9      8.9      5.6      
MET1m7j      0       0.5     0.26     3.0      2.9      
MET1m1b      194     173     31       79       64       
MET1m1b1j    265     240     37       92       75       
MET1m1b2j    115     100     24       56       48       
MET1m1b3j    65      44      8        40       23       
MET1m1b4j    15      11.8    2.5      12.3     9.8      
MET1m1b5j    5       2.9     1        7.5      5.7      
MET1m1b6j    0       0.5     0.8      3.2      3.2      
MET1m1b7j    0       0.14    0.43     2.98     2.94     
MET1m2b      17      17.4    4.6      12.2     12.3     
MET1m2b1j    20      16      6        17       15       
MET1m2b2j    21      18      4.4      15       13       
MET1m2b3j    4       7       1.4      5        7        
MET1m2b4j    3       2.2     0.4      5.2      4.6      
MET1m2b5j    1       0.44    0.3      3.55     2.99     
MET1m2b6j    0       0.1     0.06     2.9      2.9      
MET1m3b      2       0.56    0.3      5.24     3.39     
MET1m3b1j    3       1.7     0.8      5.9      4.7      
MET1m3b2j    1       1       0.4      4        4        
MET1m3b3j    0       0.47    0.23     3.0      2.93     
MET1m3b4j    0       0.11    0.16     2.89     2.91     
MET1m1g      4       3.5     0.8      6.1      5.5      
MET1m1g1j    9       10      2.6      8        9        
MET1m1g2j    5       5       1        6        6        
MET1m1g3j    3       1       0.2      6        4        
MET1m1g4j    0       0.22    0.08     2.94     2.94     
MET1m1g5j    0       0.11    0.1      2.95     2.87     
MET1m1g1b    1       0.76    0.3      3.65     3.14     
MET1m1g1b1j  2       1.2     0.3      4.6      4.0      
MET1m1g1b2j  0       0.5     0.15     2.9      2.9      
MET1m1g1b3j  0       0.13    0.06     2.95     2.95     
MET1m1e      7       5.2     1.4      8.2      6.7      
MET1m1e1j    36      27      2.8      21       13       
MET1m1e2j    12      12.2    2.2      9.2      9.4      
MET1m1e3j    6       3.1     0.7      8.3      5.4      
MET1m1e4j    1       1       0.2      4        4        
MET1m1e5j    0       0.17    0.17     2.96     2.91     
MET1m1e1b    9       13.3    2.7      6.6      9.1      
MET1m1e1b1j  11      9.7     1.6      9.4      8.3      
MET1m1e1b2j  2       3       1.6      5        5        
MET1m1e1b3j  0       1.4     2.2      2.9      3.2      
MET1m1e1b4j  0       0.38    0.3      3.04     2.86     
MET1m1e2b    0       1.4     1        3.0      3.6      
MET1m1e2b1j  0       0.86    0.46     3.14     3.03     
MET1m1e2b2j  0       0.58    0.24     2.99     2.93     
MET1m1e2b3j  1       0.23    0.09     3.79     3.09     
MET1m1e2b4j  0       0.1     0.1      3.0      2.8      
MET1m1e1g    1       0.15    0.04     3.93     3.01     
MET1m1e1g1j  0       0.15    0.06     2.95     2.9      
MET1m1e1g1b  0       0.12    0.05     2.93     2.91     
MET1m2e      0       0.35    0.11     2.95     2.94     
MET1m2e1j    0       0.28    0.08     2.92     2.92     
MET1m2e2j    0       0.19    0.04     2.93     2.94     
MET2m        0       1.3     0.4      2.9      3.9      
MET2m1j      17      16      5        13       13       
MET2m2j      6       7.2     1.7      6.1      7.3      
MET2m3j      1       1.8     1        3.7      4.4      
MET2m4j      0       0.46    0.3      3.03     2.9      
MET2m5j      1       0.12    0.11     3.95     3.01     
MET2m1b      5       8.3     2        5.2      7.6      
MET2m1b1j    10      5.9     1.4      11.3     7.1      
MET2m1b2j    2       1.7     0.4      4.5      4.0      
MET2m1b3j    0       0.76    0.25     2.95     2.95     
MET2m1b4j    0       0.14    0.1      2.91     2.9      
MET2m2b      1       0.8     0.7      3.7      3.6      
MET2m2b1j    0       0.44    0.6      3.08     2.94     
MET2m2b2j    0       0.4     0.4      3.1      2.8      
MET2m2b3j    0       0.18    0.12     2.95     2.91     
MET2m1e      1       0.17    0.04     3.9      2.99     
MET2m1e1j    1       0.3     0.2      3.8      3.0      
MET2m1e2j    1       0.15    0.06     3.91     2.96     
MET3m1j      0       0.37    0.17     2.97     2.88     
MET3m2j      0       0.17    0.07     2.86     2.93     
MET1j        18952   18500   3200     5551     5525     
MET2j        6771    6770    1800     2712     2723     
MET3j        1463    1460    550      759      756      
MET4j        470     434     180      275      262      
MET5j        72      107     44       37       46       
MET6j        24      4.6     2.1      16.5     17.5     
MET7j        6       4.6     2.1      8.0      7.0      
MET8j        1       0.92    0.4      3.64     3.25     
MET9j        0       0.27    0.15     2.97     2.9      
MET1b        928     1000    170      235      263      
MET1b1j      955     955     230      359      359      
MET1b2j      379     350     94       170      158      
MET1b3j      202     168     63       122      109      
MET1b4j      78      63      17       45       37       
MET1b5j      15      18.2    3.7      8.7      11.1     
MET1b6j      4       4.2     1.4      5.9      6.3      
MET1b7j      1       0.85    0.6      3.53     3.5      
MET1b8j      2       0.17    0.17     5.66     3.4      
MET2b        62      66      16       28       29       
MET2b1j      37      48      11       15       20       
MET2b2j      49      58      12       19       24       
MET2b3j      33      31      6        18       16       
MET2b4j      12      11      2.2      10       9        
MET2b5j      1       3.3     1.6      3.5      5.0      
MET2b6j      0       0.7     1.5      3.1      3.2      
MET3b        3       1.7     0.6      5.7      4.5      
MET3b1j      9       5.5     2.2      11.0     8.2      
MET3b2j      4       4.7     2.8      6.3      6.6      
MET3b3j      2       2.3     0.5      4.4      4.7      
MET3b4j      2       0.8     0.8      5.2      4.7      
MET3b5j      0       0.2     0.17     3.0      2.9      
MET4b        0       0.22    0.14     2.91     2.91     
MET4b1j      1       0.4     0.44     3.7      3.2      
MET4b2j      1       0.24    0.08     3.77     3.01     
MET4b3j      0       0.15    0.07     2.92     2.9      
MET1g        46      42      11       26       24       
MET1g1j      106     103     21       44       40       
MET1g2j      38      43      10       18       20       
MET1g3j      9       11      3        8        9        
MET1g4j      0       3.2     0.7      3.0      5.0      
MET1g5j      1       0.6     0.26     3.7      3.1      
MET1g6j      0       0.14    0.09     2.95     2.93     
MET1g1b      4       6.4     1.7      5.2      6.7      
MET1g1b1j    9       7       1.2      9        7        
MET1g1b2j    1       3       0.6      3        5        
MET1g1b3j    3       1.5     0.3      5.8      3.9      
MET1g1b4j    0       0.38    0.13     2.98     2.93     
MET1g2b      1       0.4     0.4      3.7      3.2      
MET1g2b1j    0       0.35    0.16     2.97     2.9      
MET1g2b2j    1       0.68    0.2      3.72     3.0      
MET1g2b3j    0       0.34    0.13     2.93     2.89     
MET2g        0       0.3     0.12     2.9      2.9      
MET2g1j      0       0.64    0.24     2.99     2.89     
MET2g2j      0       0.33    0.19     2.99     2.89     
MET2g1b2j    1       0.08    0.16     4.05     3.29     
    
